Vetzeichnis

1161 11616666 6611 1111166661 1161111116ῗὲ- 66118166166661616 zu 81. 11116 1611616666.
⁰ u 118 ο

--—-.— -—. -.- ..—. —4-. .- -4 .-..-.-..-.. .-.

1.... Q& 16. 16. 611161

i Ort. J Tag ῃ, ,Jahn 1111616611 11111.
1
Prima 11. 1

81111111, Euge, 11166, 1166661116 2811111,18668116611666,1161666.11111, 1161116116 Der 11611111.
(1166666661,1111166611,816611616661116 ‘imai 1866111111111166116611 11. Kos-telle 1161116111. ι
1161161111, Paul, 16-6. 11166666 28116111 1867 1661161111 † Dresden Ρ1ο1. Seeligei·¹
1166166116, Hans Altenburg 1186111, 1866866111666116111666611- Kgl. 1161616116 1161. 1161161.
161, 111 6116661116

11’6111161,(166161 1116611611 1211111. 186618611116611111611611 11166166 1161 11611161.
1. 86666166666, 116611,1 Sei-ge 281161. 186811111611161611661166111111.1161616116 11111. 116116.
861161616111661666. 116166 mov. 1861 86166111616161,,6611611111. 1161616116 1161. 1111166161.
humiliaret, 11116 1111111616 11111111111867861611166111., 11111166 11611161616116 11161666116666.
1116166116,1166616611.1111161616 18116111,18661611·1111661111611 1161611616 1161. 1161661161.
1161666666, 11166. 8161661661 1611111. 186611616161111161,11166116. 11161161616116 1161666116666.
11’66111’116,11611,1666. 11166116 181161.188411661661616611 11616666 (111611, 11111611.
11666, 1161116611, Techuitz 71166. 1864 1161161 11166161616116 1161111116111.
11’61111,,1611161 1116611611 118661.186686116116111611 v. 1116666 116161ἷ6116666.
1611166661, 11111611 11616666 16611186611111666661161 11616666 Ρ1ο116616661.
1166661, 1111116111 11616666 6116116116661161611 11111. 1161616116 Ρ1ο1. 11111166.
Α1161, 11611611 1161111611 161611. 1866116661,11666611111111161, 1161616116 11111. 116116.
1161161166, Hans Riese lmen 1865111. 16611. Kgl. 1161616116 1161. 1116116.
11661611,116111111116111166661116 111161. 186611111613616116611661 11111. 1161111116111

111166 Β.

11611666, 11611 8611661166 iiixviii 1868 8116611116161611 8611616166 1161. 1161661161.
11116161, Walter 111116 186111.18678661166611611 111166 1161 11611161.
1116661161, (161161 1161161·11611116-11,1161. 18658166616116611661, 8161666 1161. 11111161.
11611 Stolpen
11611161,11611116111 1161616611661,1’. 12. April 1867 8161111666, 11116666 1166666 Ρ161.116616661.
Unger, Karl 1“116111161661·11620.Ο11, 1866 11661660116166661111111. 1161616116 1111611. 11111611.
816611, Α111611 ,1116111166 21111111. 186611611161111 11166166 1111186611661.
1661611, Paul Freiberg 25‚0kt. 1867 Bheltriebsdirektor, 81. Bergknappsehait. 1161116116.
16166116
1111116661,11116611111111. Korbitz 31..ian. 1866 661616611661 extr. 011611111611161
Hirsehberg‚ Rudolf 11616666 311166. 186786116161616161 Ο. 6661616116 1161. 1111111616.
1166116616, (166161 Rei-ggiesshiibel 4.Jan. 1866 816611666616111611· (1111116616 1161. 116166161.
leuba
11161161, Heinrich (11666116 3.]611 18651166661611-1111611161, 1116111166 116186611161.
11166 66
116116611611616 Freiberg 21.Jan. 1868 1161161 11166161616116 Ρ1ο1. 1166161161.
86666111, Franz 1161616666 Muli 1868 Ο.-Α16161., 11616666 Κς11161616116 1161 1161161. ·
8611616611, 0116 111166161616 18166. 186786661611661161666,11.Κ1161616116 Ρ1ο1. 1161116.
Paul, Osker 61066661616 126661 18666661611611 (116616611616 (11611. (11111611.
11611611, 11111611 Greiz 2,(111. 1867111616666, 1116661661, 8611616116 Ρ1ο1. Kiihlei·¹
11666, 116161 Ruppertsgriin 19.Nov. 18611166111161161, 61166- 61666661616 Ρ1ο1Η11166.
6661616
116161, 1111161 Freiberg 1.Juli 1867 1166116666611 Freiberg Ρ1ο1. 1166166111.
1111661166 , 1161616 16. ι1661 1867 1166111161 11111161616116 01611. (1111611.
811611, 11166111 61666116 161161 18678661616661 Kgl. 1161616116 Pr.Angermann.
Richter, 0116 1166611613 211161, 1866 0.-1161611611, Ρί166Ζ666116 Prof. 116166.
1161666111, «16166666 8616116 81166. 1867111616666 86116116 011611. 6111611.
1116161, Franz 61666166 1116111 1867 1111111661 Penig Pros. 116116.
1111116611, 111161 1111661166 411616186811111111661, Berlin 1816661616 11161. 11111616.
8616611161, ..lohannes 16661116 14. ι1611 1866 1161161 Ρ1166161616116 ¹(iberi. 11111611.
’ 1161161, 11661161 01666611 imai 18661111661,Ζ61161 11166161116116 11161. 11611161.

 

